0 0.516276 0.472656 0.048177 0.080078
0 0.409831 0.468262 0.048828 0.073242
0 0.260417 0.470703 0.048177 0.080078
0 0.303385 0.831055 0.048177 0.080078
0 0.760417 0.835938 0.048177 0.080078
0 0.910156 0.299805 0.048177 0.080078
0 0.912760 0.557617 0.048177 0.080078
0 0.914062 0.832031 0.048177 0.080078
0 0.811198 0.649414 0.048177 0.080078
0 0.859375 0.467773 0.048177 0.080078
0 0.760417 0.377930 0.048177 0.080078
0 0.610026 0.377930 0.048177 0.080078
0 0.613932 0.557617 0.048177 0.080078
0 0.610677 0.742188 0.048177 0.080078
0 0.461589 0.832031 0.048177 0.080078
0 0.359375 0.742188 0.048177 0.080078
0 0.257812 0.652344 0.048177 0.080078
0 0.200521 0.833008 0.048177 0.080078
0 0.106120 0.736328 0.048177 0.080078
0 0.108724 0.557617 0.048177 0.080078
0 0.364583 0.382812 0.048177 0.080078
0 0.207031 0.380859 0.048177 0.080078
0 0.110026 0.385742 0.048177 0.080078
0 0.759766 0.208008 0.048177 0.080078
0 0.609375 0.200195 0.048177 0.080078
0 0.411458 0.210938 0.048177 0.080078
0 0.259766 0.210938 0.048177 0.080078
0 0.110677 0.205078 0.048177 0.080078
