0 0.107096 0.620117 0.038411 0.062500
0 0.107096 0.713867 0.038411 0.062500
0 0.107096 0.811523 0.038411 0.062500
0 0.105143 0.902344 0.038411 0.062500
0 0.056966 0.902344 0.038411 0.062500
0 0.057617 0.812500 0.038411 0.062500
0 0.056315 0.709961 0.038411 0.062500
0 0.059570 0.615234 0.038411 0.062500
0 0.060872 0.519531 0.038411 0.062500
0 0.061523 0.425781 0.038411 0.062500
0 0.063477 0.334961 0.038411 0.062500
0 0.062174 0.233398 0.038411 0.062500
0 0.180339 0.523926 0.023438 0.063477
0 0.175130 0.620605 0.027344 0.063477
0 0.156901 0.619629 0.026042 0.059570
0 0.156576 0.717773 0.038411 0.062500
0 0.157227 0.816406 0.038411 0.062500
0 0.155273 0.908203 0.038411 0.062500
0 0.110352 0.235352 0.038411 0.062500
0 0.111003 0.337891 0.038411 0.062500
0 0.110352 0.426758 0.038411 0.062500
0 0.107747 0.523438 0.038411 0.062500
0 0.111654 0.140625 0.038411 0.062500
0 0.064779 0.139648 0.038411 0.062500
0 0.515625 0.717285 0.023438 0.063477
0 0.496094 0.715332 0.023438 0.063477
0 0.160807 0.523926 0.023438 0.063477
0 0.159505 0.426758 0.033854 0.054688
0 0.406901 0.425781 0.033854 0.054688
0 0.308594 0.426758 0.033854 0.054688
0 0.261068 0.426758 0.033854 0.054688
0 0.276042 0.337402 0.024740 0.053711
0 0.258464 0.335938 0.022135 0.058594
0 0.263021 0.239258 0.033854 0.054688
0 0.262370 0.139648 0.033854 0.054688
0 0.211589 0.424805 0.033854 0.054688
0 0.211589 0.332031 0.033854 0.054688
0 0.208984 0.239258 0.033854 0.054688
0 0.209635 0.143555 0.033854 0.054688
0 0.161458 0.333984 0.033854 0.054688
0 0.162760 0.238281 0.033854 0.054688
0 0.162109 0.144531 0.033854 0.054688
0 0.557617 0.429199 0.021484 0.053711
0 0.550781 0.330078 0.033854 0.054688
0 0.454102 0.230957 0.033203 0.061523
0 0.308594 0.715820 0.033854 0.054688
0 0.361328 0.716797 0.033854 0.054688
0 0.408854 0.618164 0.033854 0.054688
0 0.502604 0.337891 0.033854 0.054688
0 0.455078 0.525391 0.033854 0.054688
0 0.360026 0.524414 0.033854 0.054688
0 0.309245 0.523438 0.033854 0.054688
0 0.312500 0.237305 0.033854 0.054688
0 0.361328 0.237305 0.033854 0.054688
0 0.360026 0.140625 0.033854 0.054688
0 0.540690 0.427246 0.021484 0.053711
0 0.707357 0.240234 0.038411 0.062500
0 0.705404 0.436523 0.038411 0.062500
0 0.502930 0.621094 0.038411 0.062500
0 0.655273 0.625000 0.038411 0.062500
0 0.455404 0.813477 0.038411 0.062500
0 0.816732 0.334961 0.025391 0.064453
0 0.308919 0.911133 0.038411 0.062500
0 0.353841 0.815430 0.038411 0.062500
0 0.806966 0.719727 0.038411 0.062500
0 0.655273 0.909180 0.038411 0.062500
0 0.758789 0.526367 0.038411 0.062500
0 0.652018 0.716797 0.038411 0.062500
0 0.799805 0.336914 0.025391 0.064453
