0 0.503255 0.529297 0.042969 0.072266
0 0.501953 0.527344 0.042969 0.072266
0 0.060547 0.338867 0.042969 0.072266
0 0.110677 0.712891 0.042969 0.072266
0 0.860026 0.242188 0.042969 0.072266
0 0.910156 0.434570 0.042969 0.072266
0 0.865234 0.717773 0.042969 0.072266
0 0.761068 0.910156 0.042969 0.072266
0 0.607422 0.907227 0.042969 0.072266
0 0.654297 0.720703 0.042969 0.072266
0 0.653646 0.338867 0.042969 0.072266
0 0.705078 0.527344 0.042969 0.072266
0 0.815104 0.434570 0.042969 0.072266
0 0.759115 0.244141 0.042969 0.072266
0 0.602865 0.137695 0.042969 0.072266
0 0.501953 0.339844 0.042969 0.072266
0 0.455078 0.627930 0.042969 0.072266
0 0.455729 0.907227 0.042969 0.072266
0 0.358073 0.813477 0.042969 0.072266
0 0.457682 0.235352 0.042969 0.072266
0 0.313151 0.242188 0.042969 0.072266
0 0.264974 0.434570 0.042969 0.072266
0 0.307943 0.615234 0.042969 0.072266
0 0.207682 0.811523 0.042969 0.072266
0 0.164062 0.519531 0.042969 0.072266
0 0.164714 0.335938 0.042969 0.072266
0 0.155599 0.914062 0.042969 0.072266
0 0.164714 0.146484 0.042969 0.072266
0 0.535807 0.430176 0.027344 0.053711
0 0.557943 0.431152 0.027344 0.053711
0 0.177083 0.625488 0.027344 0.053711
0 0.154948 0.623535 0.027344 0.053711
0 0.796875 0.340332 0.027344 0.053711
0 0.815755 0.331543 0.027344 0.053711
