0 0.454753 0.473145 0.041016 0.063477
0 0.308919 0.859863 0.041016 0.063477
0 0.508138 0.186035 0.041016 0.063477
0 0.061523 0.665527 0.041016 0.063477
0 0.308919 0.378418 0.041016 0.063477
0 0.655273 0.474121 0.041016 0.063477
0 0.911133 0.852051 0.041016 0.063477
0 0.913086 0.565918 0.041016 0.063477
0 0.758138 0.188965 0.041016 0.063477
0 0.112305 0.569824 0.041016 0.063477
0 0.163086 0.851074 0.041016 0.063477
0 0.498372 0.758301 0.041016 0.063477
0 0.456055 0.566895 0.041016 0.063477
0 0.555013 0.380371 0.041016 0.063477
0 0.409180 0.277832 0.041016 0.063477
0 0.706706 0.858887 0.041016 0.063477
0 0.812826 0.753418 0.041016 0.063477
0 0.258789 0.089355 0.041016 0.063477
0 0.451497 0.097168 0.041016 0.063477
0 0.862956 0.382324 0.041016 0.063477
0 0.812826 0.090332 0.041016 0.063477
0 0.500977 0.858887 0.041016 0.063477
0 0.654622 0.760254 0.041016 0.063477
0 0.755534 0.570801 0.041016 0.063477
0 0.758138 0.369629 0.041016 0.063477
0 0.602539 0.180176 0.041016 0.063477
0 0.114258 0.759277 0.041016 0.063477
0 0.263346 0.760254 0.041016 0.063477
0 0.163086 0.666504 0.041016 0.063477
0 0.308268 0.569824 0.041016 0.063477
0 0.213867 0.470215 0.041016 0.063477
0 0.308919 0.184082 0.041016 0.063477
0 0.208659 0.286621 0.041016 0.063477
0 0.107096 0.375488 0.041016 0.063477
0 0.157227 0.188965 0.041016 0.063477
