0 0.464518 0.469238 0.047526 0.071289
0 0.708008 0.377441 0.047526 0.071289
0 0.861003 0.381348 0.047526 0.071289
0 0.862956 0.556152 0.047526 0.071289
0 0.862305 0.736816 0.047526 0.071289
0 0.760742 0.833496 0.047526 0.071289
0 0.658529 0.734863 0.047526 0.071289
0 0.708659 0.645996 0.047526 0.071289
0 0.564128 0.650879 0.047526 0.071289
0 0.463867 0.742676 0.047526 0.071289
0 0.414388 0.560059 0.047526 0.071289
0 0.356445 0.740723 0.047526 0.071289
0 0.102539 0.733887 0.047526 0.071289
0 0.256185 0.645996 0.047526 0.071289
0 0.158529 0.468262 0.047526 0.071289
0 0.563477 0.379395 0.047526 0.071289
0 0.310221 0.386230 0.047526 0.071289
0 0.111003 0.377441 0.047526 0.071289
0 0.858398 0.212402 0.047526 0.071289
0 0.606445 0.206543 0.047526 0.071289
0 0.409831 0.206543 0.047526 0.071289
0 0.258789 0.213379 0.047526 0.071289
0 0.114258 0.205566 0.047526 0.071289
0 0.758138 0.124512 0.047526 0.071289
0 0.606445 0.122559 0.047526 0.071289
0 0.469076 0.124512 0.047526 0.071289
0 0.309570 0.122559 0.047526 0.071289
0 0.159831 0.122559 0.047526 0.071289
