0 0.516602 0.531738 0.051432 0.071289
0 0.913086 0.432129 0.051432 0.071289
0 0.065430 0.872559 0.051432 0.071289
0 0.413086 0.439941 0.051432 0.071289
0 0.859049 0.874512 0.051432 0.071289
0 0.609701 0.878418 0.051432 0.071289
0 0.758138 0.788574 0.051432 0.071289
0 0.606445 0.704590 0.051432 0.071289
0 0.470378 0.792480 0.051432 0.071289
0 0.307617 0.797363 0.051432 0.071289
0 0.111654 0.792480 0.051432 0.071289
0 0.262044 0.704590 0.051432 0.071289
0 0.156576 0.621582 0.051432 0.071289
0 0.707357 0.619629 0.051432 0.071289
0 0.810872 0.530762 0.051432 0.071289
0 0.609049 0.526855 0.051432 0.071289
0 0.410482 0.528809 0.051432 0.071289
0 0.262695 0.531738 0.051432 0.071289
0 0.113607 0.533691 0.051432 0.071289
0 0.812174 0.349121 0.051432 0.071289
0 0.661133 0.350098 0.051432 0.071289
0 0.518555 0.352051 0.051432 0.071289
0 0.364909 0.346191 0.051432 0.071289
0 0.206055 0.354004 0.051432 0.071289
0 0.709961 0.161621 0.051432 0.071289
0 0.459310 0.166504 0.051432 0.071289
0 0.305664 0.165527 0.051432 0.071289
0 0.153320 0.166504 0.051432 0.071289
